%OpenBCI Raw EEG Data
%Number of channels = 16
%Sample Rate = 125 Hz
%Board = OpenBCI_GUI$BoardCytonSerialDaisy
Sample Index, EXG Channel 0, EXG Channel 1, EXG Channel 2, EXG Channel 3, EXG Channel 4, EXG Channel 5, EXG Channel 6, EXG Channel 7, EXG Channel 8, EXG Channel 9, EXG Channel 10, EXG Channel 11, EXG Channel 12, EXG Channel 13, EXG Channel 14, EXG Channel 15, Accel Channel 0, Accel Channel 1, Accel Channel 2, Other, Other, Other, Other, Other, Other, Other, Analog Channel 0, Analog Channel 1, Analog Channel 2, Timestamp, Other, Timestamp (Formatted)
180.0, -4951.827818373182, -10990.978597519232, -28668.369790121294, -9878.353462022957, -5380.556628770427, -826.6345651906211, -11141.472892936814, 9880.05219460156, -20808.758832068306, 13365.35970751759, -10030.658248741418, -19797.565912910213, -2550.758725495187, 7737.950412982752, -10934.942774169776, -17909.44700353706, -0.382, 1.08, 0.246, 192.0, 122.0, 8.0, 16.5, 96.0, 3.5, 88.0, 0.0, 0.0, 0.0, 1.6730457663931284E9, 0.0, 2023-01-06 17:56:06.393
182.0, -4929.990164040347, -10976.829943279023, -28637.457327539603, -9865.501208961155, -5361.311776794408, -803.4111027015571, -11130.051151520152, 9849.162083764326, -20782.562587566685, 13383.039937381738, -10000.706911171308, -19802.952683323943, -2514.906527388874, 7778.6529396358665, -10892.29564574905, -17874.310061253316, -0.382, 1.08, 0.246, 192.0, 0.0, 0.0, 0.0, 0.0, 0.0, 0.0, 0.0, 0.0, 0.0, 1.6730457663931353E9, 0.0, 2023-01-06 17:56:06.393
184.0, -4902.698684060417, -10929.488948522681, -28590.697478139104, -9859.220368769213, -5338.244776516531, -751.5550555652446, -11106.112433208518, 9835.348705690945, -20766.938718192425, 13367.527826729754, -9982.803163862607, -19848.483186779402, -2474.3157594580366, 7806.950248116285, -10870.68150886077, -17868.900939095132, -0.382, 1.08, 0.246, 192.0, 0.0, 0.0, 0.0, 0.0, 0.0, 0.0, 0.0, 0.0, 0.0, 1.6730457663931413E9, 0.0, 2023-01-06 17:56:06.393
186.0, -4870.579227278141, -10878.571674653493, -28544.183497927606, -9830.632487610876, -5307.28761044593, -670.0829470256505, -11052.334136049049, 9864.830656627495, -20734.282819543223, 13391.310082830201, -9951.3989629029, -19869.180902145017, -2426.1701019013053, 7858.672184785865, -10837.511520089092, -17829.24894443142, -0.382, 1.08, 0.246, 192.0, 0.0, 0.0, 0.0, 0.0, 0.0, 0.0, 0.0, 0.0, 0.0, 1.6730457663931468E9, 0.0, 2023-01-06 17:56:06.393
188.0, -4813.00113356127, -10822.424092581761, -28503.16804685212, -9801.329350629969, -5267.769726248947, -622.809007502676, -11003.808498836577, 9886.668310960331, -20689.311109699145, 13403.648245769531, -9908.349503081978, -19900.048661237797, -2379.2984937785263, 7912.830461601075, -10804.27447608405, -17790.781592223837, -0.382, 1.08, 0.246, 192.0, 0.0, 0.0, 0.0, 0.0, 0.0, 0.0, 0.0, 0.0, 0.0, 1.6730457663931527E9, 0.0, 2023-01-06 17:56:06.393
190.0, -4801.8699648225265, -10816.679694256747, -28518.747212737468, -9810.381807134367, -5270.496639072495, -621.8702342355531, -11005.75310060419, 9883.494363247677, -20668.90396701145, 13438.941650264462, -9888.165877838836, -19833.775738927812, -2362.2888162480376, 7932.432941488379, -10789.052938109988, -17766.70876344547, -0.43, 1.05, 0.226, 192.0, 121.0, 72.0, 16.0, 104.0, 3.5, 8.0, 0.0, 0.0, 0.0, 1.6730457663931584E9, 0.0, 2023-01-06 17:56:06.393
192.0, -4795.343255441578, -10817.372598334861, -28535.622779801226, -9823.077597984982, -5280.040833954911, -654.4367259069355, -11032.03875208363, 9831.057170755526, -20676.99529850427, 13464.3779354546, -9895.67606397582, -19739.741950004336, -2374.4034617428138, 7914.819766857597, -10804.833269695435, -17781.595025252704, -0.43, 1.05, 0.226, 192.0, 0.0, 0.0, 0.0, 0.0, 0.0, 0.0, 0.0, 0.0, 0.0, 1.6730457663931644E9, 0.0, 2023-01-06 17:56:06.393
194.0, -4807.90493582546, -10835.946897977221, -28551.89484976469, -9839.059095270526, -5305.119491233765, -709.869052156097, -11062.593586754036, 9778.463516052188, -20687.411211420444, 13480.135915295592, -9910.405863571867, -19672.262033493764, -2386.4063485153138, 7889.450536900823, -10813.751615733101, -17796.436583571027, -0.43, 1.05, 0.226, 192.0, 0.0, 0.0, 0.0, 0.0, 0.0, 0.0, 0.0, 0.0, 0.0, 1.67304576639317E9, 0.0, 2023-01-06 17:56:06.393
196.0, -4808.016694547737, -10841.19955792422, -28563.763626070457, -9857.923967590807, -5313.747264593514, -727.4598750424236, -11088.074575433086, 9703.741634338097, -20696.173095246922, 13493.345796268679, -9925.336828868012, -19621.054186946654, -2397.5822207429674, 7880.576894352066, -10828.771988007067, -17809.378243610652, -0.43, 1.05, 0.226, 192.0, 0.0, 0.0, 0.0, 0.0, 0.0, 0.0, 0.0, 0.0, 0.0, 1.673045766393176E9, 0.0, 2023-01-06 17:56:06.393
198.0, -4798.80777583215, -10830.828348496956, -28538.50615483596, -9849.296194231058, -5293.362473650274, -708.6620579555105, -11087.24756088824, 9664.782543752497, -20691.322766700123, 13489.389537500088, -9921.67114277734, -19648.725646582323, -2390.2955520505375, 7895.843135815041, -10822.848775726412, -17792.301510846795, -0.43, 1.05, 0.226, 192.0, 0.0, 0.0, 0.0, 0.0, 0.0, 0.0, 0.0, 0.0, 0.0, 1.6730457663931816E9, 0.0, 2023-01-06 17:56:06.393
200.0, -4777.908894766438, -10819.831290224945, -28553.682989321114, -9856.76167687913, -5301.342046420818, -731.1032093886387, -11114.717854823812, 9603.069377311394, -20666.869958266016, 13526.62754376263, -9904.795575713584, -19602.658701259938, -2374.2246477871713, 7907.667208631899, -10809.080101141943, -17757.388086007606, -0.454, 1.0870000000000002, 0.2, 192.0, 120.5, 8.0, 17.5, 16.0, 2.5, 56.0, 0.0, 0.0, 0.0, 1.6730457663931875E9, 0.0, 2023-01-06 17:56:06.393
202.0, -4790.671740850418, -10836.170415421775, -28587.724696126545, -9885.707185948753, -5320.810415841391, -766.3295586502027, -11160.807151890654, 9536.08119917884, -20679.386935160986, 13542.519634070353, -9919.883003220917, -19536.206964994308, -2402.0749213784843, 7886.298940932625, -10842.272441658073, -17769.502731502384, -0.454, 1.0870000000000002, 0.2, 192.0, 0.0, 0.0, 0.0, 0.0, 0.0, 0.0, 0.0, 0.0, 0.0, 1.6730457663931932E9, 0.0, 2023-01-06 17:56:06.393
204.0, -4798.718368854328, -10845.893424259833, -28617.117240085274, -9900.258171589157, -5335.2049392706085, -787.1166809936382, -11210.383321092526, 9461.694593631577, -20698.85530458156, 13538.563375301765, -9941.20656743128, -19507.48497336924, -2430.8416164924643, 7857.755763263198, -10871.396764683339, -17788.032327655834, -0.454, 1.0870000000000002, 0.2, 192.0, 0.0, 0.0, 0.0, 0.0, 0.0, 0.0, 0.0, 0.0, 0.0, 1.6730457663931987E9, 0.0, 2023-01-06 17:56:06.393
206.0, -4823.841729622094, -10869.318052448994, -28647.04622591093, -9895.832526187007, -5343.1845120411535, -782.4228146580238, -11225.738969533322, 9421.617915823212, -20716.91551410145, 13526.24756410689, -9964.005346775693, -19512.67057808287, -2451.405221391347, 7830.97837340574, -10889.367567225405, -17799.38701383913, -0.454, 1.0870000000000002, 0.2, 192.0, 0.0, 0.0, 0.0, 0.0, 0.0, 0.0, 0.0, 0.0, 0.0, 1.6730457663932047E9, 0.0, 2023-01-06 17:56:06.393
208.0, -4838.303308284678, -10878.437564186761, -28670.9178889892, -9873.369023009423, -5359.009547115511, -802.2264602454258, -11249.61063261159, 9380.915389170097, -20731.265334041756, 13520.279648337324, -9977.036413793137, -19552.814311124603, -2459.4518493952573, 7821.478882012235, -10887.62413115789, -17792.23445561343, -0.454, 1.0870000000000002, 0.2, 192.0, 0.0, 0.0, 0.0, 0.0, 0.0, 0.0, 0.0, 0.0, 0.0, 1.6730457663932104E9, 0.0, 2023-01-06 17:56:06.393
210.0, -4854.061288125669, -10888.406442213827, -28683.546624606446, -9863.042517071071, -5368.1961140866415, -820.1749110430374, -11268.050821787218, 9367.23612156345, -20747.693866216407, 13514.937581412505, -9981.819687106572, -19592.913340677424, -2479.5460676605785, 7819.087245355517, -10895.827221372989, -17807.947731965513, -0.458, 1.0865, 0.168, 192.0, 120.5, 72.0, 16.5, 120.0, 2.0, 32.0, 0.0, 0.0, 0.0, 1.6730457663932161E9, 0.0, 2023-01-06 17:56:06.393
212.0, -4845.142942088001, -10877.834067086467, -28686.7205723191, -9848.08920003047, -5371.34771005484, -821.314850010258, -11268.699022376422, 9369.068964608785, -20758.355648321587, 13511.96479939995, -9981.26089349519, -19618.595495056572, -2491.3477887329805, 7814.25926855317, -10891.15570678183, -17811.054624444798, -0.458, 1.0865, 0.168, 192.0, 0.0, 0.0, 0.0, 0.0, 0.0, 0.0, 0.0, 0.0, 0.0, 1.6730457663932257E9, 0.0, 2023-01-06 17:56:06.393
214.0, -4866.91354118747, -10900.20816328623, -28710.14520050826, -9859.510941447132, -5394.705283010636, -838.6598037075763, -11281.528923693768, 9372.66759546609, -20755.449921542397, 13514.222325589935, -9979.78567836114, -19616.78500375569, -2499.908506859363, 7805.363274259958, -10895.290779506062, -17834.34514216723, -0.458, 1.0865, 0.168, 192.0, 0.0, 0.0, 0.0, 0.0, 0.0, 0.0, 0.0, 0.0, 0.0, 1.6730457663932312E9, 0.0, 2023-01-06 17:56:06.393
216.0, -4865.415974308965, -10904.20912554373, -28713.162686009728, -9867.021127584116, -5409.748007029058, -836.9834228734283, -11276.768002124787, 9403.825927236787, -20762.602479768095, 13501.48183125041, -9998.315274514589, -19624.049320703667, -2516.135873333916, 7793.449794465279, -10911.674608191803, -17855.668706377593, -0.458, 1.0865, 0.168, 192.0, 0.0, 0.0, 0.0, 0.0, 0.0, 0.0, 0.0, 0.0, 0.0, 1.673045766393237E9, 0.0, 2023-01-06 17:56:06.393
218.0, -4871.361538334077, -10915.362646026928, -28704.40080218325, -9871.580883452998, -5426.534167114994, -842.9066351540846, -11274.778696868265, 9463.81800935483, -20753.706485474886, 13505.661607463553, -9992.615579678486, -19625.055149204156, -2529.1445886069046, 7782.139811770894, -10933.825186947011, -17882.69196542406, -0.458, 1.0865, 0.168, 192.0, 0.0, 0.0, 0.0, 0.0, 0.0, 0.0, 0.0, 0.0, 0.0, 1.6730457663932428E9, 0.0, 2023-01-06 17:56:06.393
220.0, -4893.914448489481, -10928.30430606655, -28725.143221037775, -9867.33405200649, -5450.539940659994, -851.959091658484, -11290.223752286882, 9558.79057154543, -20763.362439079578, 13496.072709092226, -10003.970265861783, -19631.760672540746, -2557.8218767430635, 7791.929875842318, -10961.40723960486, -17909.670520981614, -0.42400000000000004, 0.9962500000000001, 0.134, 192.0, 121.5, 104.0, 14.0, 40.0, 1.5, 16.0, 0.0, 0.0, 0.0, 1.6730457663932486E9, 0.0, 2023-01-06 17:56:06.393
222.0, -4889.421747853965, -10903.8738493769, -28728.54068619498, -9832.644144611853, -5455.099696528876, -835.217635061459, -11274.46577244589, 9720.125463023838, -20758.24388959931, 13500.230133560914, -9999.477565226265, -19664.50597816777, -2579.011330486695, 7786.945436828785, -10977.992233990697, -17942.8852132422, -0.42400000000000004, 0.9962500000000001, 0.134, 192.0, 0.0, 0.0, 0.0, 0.0, 0.0, 0.0, 0.0, 0.0, 0.0, 1.6730457663932545E9, 0.0, 2023-01-06 17:56:06.393
224.0, -4897.691893302428, -10904.075015076998, -28729.16653503973, -9799.496507584632, -5456.731373874113, -824.9805361009284, -11227.772978278754, 9907.589543770498, -20755.15934886448, 13496.407985259055, -9988.771079632173, -19683.61671967706, -2590.745996325731, 7792.958056087263, -10972.940739743799, -17942.8852132422, -0.42400000000000004, 0.9962500000000001, 0.134, 192.0, 0.0, 0.0, 0.0, 0.0, 0.0, 0.0, 0.0, 0.0, 0.0, 1.6730457663932602E9, 0.0, 2023-01-06 17:56:06.393
226.0, -4884.34790186261, -10887.62413115789, -28706.390107439773, -9732.35186724089, -5435.430161408206, -795.0068467863616, -11163.601119947567, 10126.793101643694, -20749.482005772832, 13491.267084034334, -9979.673919638863, -19672.731420127326, -2601.94422029784, 7794.880306110419, -10963.21773090574, -17936.336152116794, -0.42400000000000004, 0.9962500000000001, 0.134, 192.0, 0.0, 0.0, 0.0, 0.0, 0.0, 0.0, 0.0, 0.0, 0.0, 1.6730457663932657E9, 0.0, 2023-01-06 17:56:06.393
228.0, -4887.2536286418, -10882.907913077821, -28707.798267340455, -9695.87382028983, -5436.972431775622, -813.2905737508028, -11150.54770118567, 10322.61673481664, -20742.798834180696, 13493.926941624517, -9976.008233548193, -19647.31748668164, -2614.684714637365, 7802.166974802849, -10939.435474805294, -17916.510154784937, -0.42400000000000004, 0.9962500000000001, 0.134, 192.0, 0.0, 0.0, 0.0, 0.0, 0.0, 0.0, 0.0, 0.0, 0.0, 1.6730457663932717E9, 0.0, 2023-01-06 17:56:06.393
230.0, -4875.049576169202, -10861.71845933419, -28705.20546498364, -9749.965041871672, -5436.056010252954, -813.4246842175346, -11122.898593294454, 10524.765911670436, -20720.44708972539, 13493.032871846304, -9953.812951304073, -19631.984189985298, -2610.5719936575883, 7790.029977563618, -10930.181852600796, -17926.143756645175, -0.37, 0.866125, 0.08800000000000001, 192.0, 123.0, 16.0, 11.5, 0.0, 0.5, 40.0, 0.0, 0.0, 0.0, 1.6730457663932772E9, 0.0, 2023-01-06 17:56:06.393
232.0, -4893.042730455724, -10866.121752991887, -28712.87211333181, -9749.495655238112, -5436.279527697508, -831.6860594375205, -11071.266063602694, 10705.412710358229, -20722.65991242646, 13491.132973567603, -9941.273622664647, -19622.127070680508, -2609.61086864601, 7801.7199399137435, -10926.806739188045, -17943.26519289794, -0.37, 0.866125, 0.08800000000000001, 192.0, 0.0, 0.0, 0.0, 0.0, 0.0, 0.0, 0.0, 0.0, 0.0, 1.6730457663932831E9, 0.0, 2023-01-06 17:56:06.393
234.0, -4905.112672461591, -10867.887540803855, -28721.07520354691, -9741.247861534102, -5444.639080123792, -854.3507283152019, -11030.94351660532, 10843.8594155144, -20732.2935142867, 13489.52364796682, -9939.731352297229, -19631.626562074016, -2625.1676827869037, 7794.746195643687, -10942.45296030676, -17974.22235896854, -0.37, 0.866125, 0.08800000000000001, 192.0, 0.0, 0.0, 0.0, 0.0, 0.0, 0.0, 0.0, 0.0, 0.0, 1.6730457663932889E9, 0.0, 2023-01-06 17:56:06.393
236.0, -4915.595640611129, -10876.716479863702, -28726.484325705092, -9599.850726109831, -5434.066704996432, -870.9133709565843, -10976.561722345557, 10998.287617956117, -20729.544249718696, 13491.356491012157, -9934.657506305875, -19631.134823695997, -2624.2512612642363, 7798.54599220109, -10944.330506841006, -17975.027021768932, -0.37, 0.866125, 0.08800000000000001, 192.0, 0.0, 0.0, 0.0, 0.0, 0.0, 0.0, 0.0, 0.0, 0.0, 1.673045766393296E9, 0.0, 2023-01-06 17:56:06.393
238.0, -4906.118500962079, -10882.572636910993, -28737.906067121756, -9505.97339939754, -5451.478713927116, -896.6849323135534, -10922.962239141732, 11126.720741596311, -20726.43735723941, 13468.602415156653, -9939.06079996357, -19619.668378790426, -2626.844063621052, 7785.693739139288, -10967.621024563436, -17989.80152485389, -0.37, 0.866125, 0.08800000000000001, 192.0, 0.0, 0.0, 0.0, 0.0, 0.0, 0.0, 0.0, 0.0, 0.0, 1.673045766393302E9, 0.0, 2023-01-06 17:56:06.393
240.0, -4925.49746340483, -10887.19944801324, -28757.866174920342, -9567.217179205081, -5461.7605163765575, -927.7762088508856, -10822.960534448688, 11291.85542963212, -20724.045720582693, 13445.781284067785, -9958.171541472859, -19617.74612876727, -2620.4961681957448, 7767.365308685936, -10986.754117817178, -18008.487583218524, -0.319, 0.7440625000000001, 0.024000000000000004, 192.0, 123.5, 80.0, 9.5, 56.0, 127.0, 96.0, 0.0, 0.0, 0.0, 1.6730457663933077E9, 0.0, 2023-01-06 17:56:06.393
242.0, -4935.041658287247, -10860.511465133604, -28753.082901606907, -9635.412351538223, -5472.824629881934, -935.7557816214302, -10740.527300897516, 11472.144600408627, -20727.48788922881, 13438.584022353176, -9973.97422480276, -19638.17562319942, -2623.692467652854, 7775.031957034106, -11009.061158783576, -18030.638161973737, -0.319, 0.7440625000000001, 0.024000000000000004, 192.0, 0.0, 0.0, 0.0, 0.0, 0.0, 0.0, 0.0, 0.0, 0.0, 1.6730457663933132E9, 0.0, 2023-01-06 17:56:06.393
244.0, -4949.88321660557, -10847.167473693786, -28739.001302600063, -9672.225674656114, -5466.856714112368, -918.6566971131202, -10646.560567207405, 11647.382276938233, -20708.757127375262, 13441.84737704365, -9946.772151800651, -19621.814146258133, -2604.3805604434683, 7791.773413631131, -10979.758021802667, -18018.836440901334, -0.319, 0.7440625000000001, 0.024000000000000004, 192.0, 0.0, 0.0, 0.0, 0.0, 0.0, 0.0, 0.0, 0.0, 0.0, 1.6730457663933208E9, 0.0, 2023-01-06 17:56:06.393
246.0, -4966.132934824578, -10846.51927310458, -28749.97600912762, -9711.363579197357, -5484.872220143345, -957.4816772319887, -10603.57816261985, 11731.246022134546, -20714.09919430008, 13435.141853707059, -9944.894605266405, -19586.788962696668, -2613.4106652034125, 7797.607218933967, -10980.048594480586, -18013.98611235453, -0.319, 0.7440625000000001, 0.024000000000000004, 192.0, 0.0, 0.0, 0.0, 0.0, 0.0, 0.0, 0.0, 0.0, 0.0, 1.6730457663933263E9, 0.0, 2023-01-06 17:56:06.393
248.0, -5005.472005065919, -10876.515314163604, -28779.03327691952, -9733.78237888603, -5492.740034191613, -973.1278983507036, -10589.295397912909, 11772.820266821416, -20728.225496795832, 13424.122443690592, -9948.82851229054, -19546.77934012167, -2626.4640839653116, 7780.374023958925, -10986.21767595025, -18022.703292692102, -0.319, 0.7440625000000001, 0.024000000000000004, 192.0, 0.0, 0.0, 0.0, 0.0, 0.0, 0.0, 0.0, 0.0, 0.0, 1.6730457663933325E9, 0.0, 2023-01-06 17:56:06.393
250.0, -5045.392220663098, -10910.646427946858, -28811.84563777991, -9758.88338790934, -5526.848796230412, -1030.1919019451025, -10611.20010747911, 11761.3761736603, -20775.521788063263, 13393.299388086723, -9990.536867444143, -19528.406206179407, -2675.772032233719, 7730.86490999042, -11025.8026153806, -18049.592441271834, -0.2835, 0.7000312500000001, -0.033999999999999996, 192.0, 124.0, 32.0, 10.0, 64.0, 126.5, 16.0, 0.0, 0.0, 0.0, 1.673045766393338E9, 0.0, 2023-01-06 17:56:06.393
252.0, -5071.968444820457, -10918.983628628688, -28815.04193723702, -9756.558806485988, -5539.231662658652, -1049.4814574100326, -10610.507203400994, 11765.019508006515, -20788.083468447145, 13382.03410888125, -9998.538791959143, -19512.022377493668, -2695.910953987951, 7703.707540477221, -11040.510063232192, -18062.064714677897, -0.2835, 0.7000312500000001, -0.033999999999999996, 192.0, 0.0, 0.0, 0.0, 0.0, 0.0, 0.0, 0.0, 0.0, 0.0, 1.6730457663933437E9, 0.0, 2023-01-06 17:56:06.393
254.0, -5089.939247362524, -10919.095387350964, -28812.27032092456, -9768.382879302846, -5553.179151198763, -1054.3317859568342, -10611.356569690297, 11754.51418811252, -20802.612102343097, 13364.577396461655, -10001.668036182886, -19530.641380624937, -2700.873041257029, 7699.594819497445, -11039.794807409622, -18075.542816584446, -0.2835, 0.7000312500000001, -0.033999999999999996, 192.0, 0.0, 0.0, 0.0, 0.0, 0.0, 0.0, 0.0, 0.0, 0.0, 1.6730457663933496E9, 0.0, 2023-01-06 17:56:06.393
0.0, -5110.748721450415, -10924.906840909343, -28810.057498223487, -9729.78141662853, -5560.3093576800065, -1046.1286957417365, -10596.157383460688, 11765.08656323988, -20802.45564013191, 13347.12068404206, -10002.092719327537, -19570.092209588554, -2703.3317331471126, 7700.086557875462, -11047.416752268882, -18083.29887191044, -0.2835, 0.7000312500000001, -0.033999999999999996, 192.0, 0.0, 0.0, 0.0, 0.0, 0.0, 0.0, 0.0, 0.0, 0.0, 1.6730457663933551E9, 0.0, 2023-01-06 17:56:06.393
2.0, -5117.923631420569, -10921.531727496593, -28802.301442897493, -9760.02332687656, -5553.2685581765845, -1043.2006172180913, -10586.456726367083, 11762.2255399496, -20813.87738154857, 13315.738834826809, -10014.877917155973, -19618.416681100927, -2708.003247738272, 7699.036025886063, -11062.95121466532, -18087.277482423484, -0.2835, 0.7000312500000001, -0.033999999999999996, 192.0, 0.0, 0.0, 0.0, 0.0, 0.0, 0.0, 0.0, 0.0, 0.0, 1.673045766393361E9, 0.0, 2023-01-06 17:56:06.393
4.0, -5134.687439762049, -10928.281954322096, -28798.635756806823, -9786.308978356003, -5561.963386769698, -1040.6748700946416, -10596.827935794347, 11743.427722862689, -20807.64124484554, 13307.759262056265, -10007.010103107703, -19639.114396466543, -2702.3482563910793, 7700.220668342194, -11072.04837465863, -18089.400898146738, -0.26875, 0.720015625, -0.072, 192.0, 124.0, 8.0, 11.5, 16.0, 126.0, 72.0, 0.0, 0.0, 0.0, 1.6730457663933668E9, 0.0, 2023-01-06 17:56:06.393
6.0, -5142.354088110219, -10931.254736334651, -28795.26064339407, -9792.4110045923, -5569.384165928861, -1062.1772482606468, -10601.946485274611, 11726.574507543386, -20823.622742131083, 13276.846799474573, -10016.84487066804, -19662.494321166792, -2713.546480363188, 7689.469479259191, -11086.62171204349, -18090.607892347325, -0.26875, 0.720015625, -0.072, 192.0, 0.0, 0.0, 0.0, 0.0, 0.0, 0.0, 0.0, 0.0, 0.0, 1.6730457663933723E9, 0.0, 2023-01-06 17:56:06.393
8.0, -5142.689364277049, -10922.582259485991, -28787.169311901253, -9790.756975502609, -5561.717517580691, -1050.5990446327978, -10595.106851471288, 11717.678513250174, -20817.610122872607, 13281.495962321278, -10010.631085709463, -19668.775161358735, -2711.959506506861, 7692.799889183032, -11085.10179342053, -18077.71093579661, -0.26875, 0.720015625, -0.072, 192.0, 0.0, 0.0, 0.0, 0.0, 0.0, 0.0, 0.0, 0.0, 0.0, 1.6730457663933783E9, 0.0, 2023-01-06 17:56:06.393
10.0, -5147.405582357119, -10915.250887304652, -28789.046858435497, -9774.462553794689, -5565.830238560467, -1056.0528702798929, -10595.486831127027, 11696.511411250998, -20823.041596775245, 13269.493075548779, -10019.549431747131, -19684.913120855468, -2710.77486405073, 7671.789249395043, -11081.771383496689, -18071.58655781586, -0.26875, 0.720015625, -0.072, 192.0, 0.0, 0.0, 0.0, 0.0, 0.0, 0.0, 0.0, 0.0, 0.0, 1.6730457663933837E9, 0.0, 2023-01-06 17:56:06.393
12.0, -5140.387134598152, -10904.566753455014, -28784.55415779998, -9761.520893755067, -5561.248130947129, -1056.5669604023649, -10590.033005479932, 11676.64071043023, -20823.466279919896, 13269.783648226698, -10020.21998408079, -19699.50880998478, -2707.5562128491656, 7682.875714644875, -11067.443915300837, -18077.263900907506, -0.26875, 0.720015625, -0.072, 192.0, 0.0, 0.0, 0.0, 0.0, 0.0, 0.0, 0.0, 0.0, 0.0, 1.6730457663933897E9, 0.0, 2023-01-06 17:56:06.393
14.0, -5152.747649281937, -10918.760111184134, -28798.725163784646, -9782.039795165038, -5572.312244452506, -1059.8973703262056, -10602.170002719165, 11648.790436838919, -20842.286448751267, 13253.24335732977, -10031.93229817537, -19731.56121153369, -2720.117893233048, 7676.192543052739, -11075.62465377148, -18090.384374902773, -0.26875, 0.720015625, -0.072, 192.0, 0.0, 0.0, 0.0, 0.0, 0.0, 0.0, 0.0, 0.0, 0.0, 1.6730457663933952E9, 0.0, 2023-01-06 17:56:06.393
16.0, -5146.6679747900935, -10915.228535560196, -28789.382134602325, -9788.946484201728, -5561.628110602869, -1053.8623993232727, -10592.134069458732, 11633.054808742381, -20841.50413769533, 13249.801188683652, -10034.100417387535, -19746.916859974488, -2715.133454219515, 7681.355796021914, -11069.94731067983, -18087.232778934573, -0.274, 0.81, -0.116, 192.0, 123.5, 56.0, 12.5, 40.0, 126.0, 48.0, 0.0, 0.0, 0.0, 1.673045766393401E9, 0.0, 2023-01-06 17:56:06.393
18.0, -5153.306442893319, -10923.58808798648, -28794.992422460607, -9812.37111239089, -5576.894352065844, -1071.363815231778, -10599.979531762545, 11589.24538960998, -20846.98031508688, 13236.479548988289, -10043.935184947872, -19773.00134575383, -2710.0149047392497, 7669.889351116342, -11061.252482086717, -18093.021880748496, -0.274, 0.81, -0.116, 192.0, 0.0, 0.0, 0.0, 0.0, 0.0, 0.0, 0.0, 0.0, 0.0, 1.6730457663934066E9, 0.0, 2023-01-06 17:56:06.393
20.0, -5145.930367223068, -10916.860212905432, -28787.817512490456, -9830.14074923286, -5562.946863525733, -1052.6107016337755, -10581.852267009292, 11572.638043479687, -20848.097902309644, 13237.552432722145, -10051.825350740595, -19786.792372082757, -2713.2112041963583, 7661.172170778772, -11074.641177015446, -18110.098613512353, -0.274, 0.81, -0.116, 192.0, 0.0, 0.0, 0.0, 0.0, 0.0, 0.0, 0.0, 0.0, 0.0, 1.6730457663934135E9, 0.0, 2023-01-06 17:56:06.393
22.0, -5140.923576465079, -10905.796099400057, -28775.7922739735, -9833.89584230135, -5521.730246750146, -1016.2220616605356, -10549.062257893356, 11567.273624810414, -20848.947268598946, 13223.292019759658, -10043.018763425203, -19796.649491387547, -2705.388093637001, 7658.780534122055, -11058.413810540893, -18090.406726647227, -0.274, 0.81, -0.116, 192.0, 0.0, 0.0, 0.0, 0.0, 0.0, 0.0, 0.0, 0.0, 0.0, 1.6730457663934193E9, 0.0, 2023-01-06 17:56:06.393
24.0, -5122.997477411924, -10889.412270714316, -28765.354009312872, -9840.556662149032, -5551.8603982759005, -1019.4630646065551, -10557.645327764194, 11533.075455793794, -20839.246611505343, 13240.771083923708, -10032.22287085329, -19804.96434032492, -2705.0081139812605, 7680.9758163661745, -11075.7140607493, -18086.115191711808, -0.274, 0.81, -0.116, 192.0, 0.0, 0.0, 0.0, 0.0, 0.0, 0.0, 0.0, 0.0, 0.0, 1.6730457663934252E9, 0.0, 2023-01-06 17:56:06.393
26.0, -5100.466919000974, -10870.078011760475, -28733.59218044188, -9833.00177252314, -5538.538758580537, -1004.8003202438737, -10534.84654841978, 11519.150318998138, -20818.370082184087, 13253.399819540957, -10008.284152541657, -19820.74467191037, -2671.9945874207724, 7712.156499881327, -11046.209758068295, -18065.77510425748, -0.276, 0.872, -0.1, 192.0, 123.5, 48.0, 13.5, 32.0, 126.0, 112.0, 0.0, 0.0, 0.0, 1.6730457663934307E9, 0.0, 2023-01-06 17:56:06.393
28.0, -5078.293988501309, -10847.368639393884, -28705.361927194826, -9830.699542844242, -5499.847888928401, -973.4631745175332, -10498.636722402183, 11490.808307028808, -20801.539218609243, 13265.5815202691, -9977.5058004267, -19835.49682325087, -2654.6943372123646, 7739.068000205518, -11018.873574599455, -18040.89761267872, -0.276, 0.872, -0.1, 192.0, 0.0, 0.0, 0.0, 0.0, 0.0, 0.0, 0.0, 0.0, 0.0, 1.6730457663934364E9, 0.0, 2023-01-06 17:56:06.393
30.0, -5065.128811017134, -10835.05282819901, -28694.878959045287, -9841.786008094074, -5458.743030875091, -923.2835082153688, -10475.033280257378, 11445.769541951364, -20787.569378324675, 13272.264691861235, -9957.97037577276, -19848.907869924053, -2631.9849648457725, 7747.293442165071, -10996.141850488408, -18011.66153093118, -0.276, 0.872, -0.1, 192.0, 0.0, 0.0, 0.0, 0.0, 0.0, 0.0, 0.0, 0.0, 0.0, 1.673045766393442E9, 0.0, 2023-01-06 17:56:06.393
32.0, -5043.447618895486, -10817.059673912487, -28674.784740779967, -9834.61109812392, -5483.262894542563, -920.7354093474638, -10476.240274457965, 11356.161398430038, -20773.152503151003, 13295.957540983862, -9943.709962810275, -19835.005084872853, -2611.287249480158, 7763.654919106355, -10974.125382199929, -17983.56538815086, -0.276, 0.872, -0.1, 192.0, 0.0, 0.0, 0.0, 0.0, 0.0, 0.0, 0.0, 0.0, 0.0, 1.6730457663934479E9, 0.0, 2023-01-06 17:56:06.393
34.0, -5048.09678174219, -10824.94983970521, -28684.77597055149, -9847.508054674632, -5474.903342116278, -923.663487871109, -10522.016647102433, 11258.350164693615, -20761.998982667803, 13301.34431139759, -9942.324154654045, -19828.456023747447, -2587.7285108242645, 7754.825980046508, -10969.945605986788, -17972.568329878846, -0.276, 0.872, -0.1, 192.0, 0.0, 0.0, 0.0, 0.0, 0.0, 0.0, 0.0, 0.0, 0.0, 1.6730457663934536E9, 0.0, 2023-01-06 17:56:06.393
36.0, -5046.219235207944, -10825.173357149764, -28685.513578118513, -9860.315604247524, -5461.179371020719, -913.5604993773103, -10464.393849896653, 11168.02676534972, -20765.64231701402, 13300.15966894146, -9952.985936759227, -19825.63970394608, -2583.4593276333007, 7754.490703879679, -10965.855236751466, -17969.55084437738, -0.314, 0.9460000000000001, -0.078, 192.0, 123.0, 24.0, 14.5, 72.0, 126.5, 72.0, 0.0, 0.0, 0.0, 1.673045766393459E9, 0.0, 2023-01-06 17:56:06.393
38.0, -5048.588520120206, -10828.660229284791, -28699.148142236252, -9877.414688755833, -5468.063708312954, -905.2680021843913, -10541.864996178747, 11088.923941722387, -20770.02325892726, 13312.25196269178, -9960.11614324047, -19815.357901496638, -2585.292170678636, 7750.86972127792, -10974.572417089035, -17971.83072231182, -0.314, 0.9460000000000001, -0.078, 192.0, 0.0, 0.0, 0.0, 0.0, 0.0, 0.0, 0.0, 0.0, 0.0, 1.673045766393465E9, 0.0, 2023-01-06 17:56:06.393
40.0, -5052.4553719109745, -10833.175281664764, -28703.35027019385, -9901.174593111826, -5465.381498978317, -913.1581679771148, -10439.918689718092, 10991.045652752597, -20774.180683395945, 13311.022616746739, -9965.97230028776, -19798.370575710604, -2589.851926547519, 7747.2487386761595, -10969.587978075502, -17977.262196214462, -0.314, 0.9460000000000001, -0.078, 192.0, 0.0, 0.0, 0.0, 0.0, 0.0, 0.0, 0.0, 0.0, 0.0, 1.6730457663934708E9, 0.0, 2023-01-06 17:56:06.393
42.0, -5045.861607296659, -10830.068389185475, -28688.48636013107, -9900.504040778165, -5445.868426068834, -887.4536618535116, -10472.172256967098, 11058.749086707723, -20780.64033754353, 13312.67664583643, -9962.239558963724, -19813.480354962394, -2595.5739731280773, 7727.333334366481, -10958.501512825671, -17981.75489684998, -0.314, 0.9460000000000001, -0.078, 192.0, 0.0, 0.0, 0.0, 0.0, 0.0, 0.0, 0.0, 0.0, 0.0, 1.6730457664133277E9, 0.0, 2023-01-06 17:56:06.413
44.0, -5037.077371725723, -10832.281211886551, -28698.030555013487, -9917.91604970885, -5458.139533774797, -900.3282666597685, -10498.279094490897, 11051.507121504203, -20772.43724732843, 13337.911765326473, -9950.057858235581, -19776.264700444306, -2586.0521299901166, 7753.931910268297, -10953.159445900852, -17953.681105814114, -0.314, 0.9460000000000001, -0.078, 192.0, 0.0, 0.0, 0.0, 0.0, 0.0, 0.0, 0.0, 0.0, 0.0, 1.673045766413352E9, 0.0, 2023-01-06 17:56:06.413
